# Reward structure "live"
# State rewards
1985 100
141 1
142 1
143 1
144 1
145 1
146 1
147 1
148 1
149 1
150 1
292 1
293 1
294 1
295 1
296 1
297 1
298 1
299 1
300 1
301 1
443 1
444 1
445 1
446 1
447 1
448 1
449 1
450 1
451 1
452 1
580 1
581 1
582 1
583 1
584 1
585 1
586 1
587 1
588 1
589 1
734 1
735 1
736 1
737 1
738 1
739 1
740 1
741 1
742 1
743 1
864 1
865 1
866 1
867 1
868 1
869 1
870 1
871 1
872 1
873 1
1015 1
1016 1
1017 1
1018 1
1019 1
1020 1
1021 1
1022 1
1023 1
1024 1
1159 1
1160 1
1161 1
1162 1
1163 1
1164 1
1165 1
1166 1
1167 1
1168 1
1303 1
1304 1
1305 1
1306 1
1307 1
1308 1
1309 1
1310 1
1311 1
1312 1
1447 1
1448 1
1449 1
1450 1
1451 1
1452 1
1453 1
1454 1
1455 1
1456 1
